5
22
36
51
62
72
83
94
108
119
126
143
158
178
190
206
226
237
253
270
282
306
328
340
347
363
370
384
405
417
424
435
447
466
488
508
532
548
562
577
597
604
614
633
648
664
683
697
709
724
738
753
770
785
799
815
837
859
869
883
893
907
921
935
959
976
994
1006
1020
1030
1047
1062
1074
1086
1100
1113
1127
1139
1150
1161
1187
1199
1215
1237
1251
1263
1273
1294
1318
1332
1345
1359
1371
1378
1391
1403
1417
1433
1453
1464
1479
1501
1515
1522
1541
1553
1573
1597
1616
1638
1652
1664
1680
1702
1718
1733
1740
1759
1776
1796
1807
1822
1836
1847
1858
1875
1896
1903
1917
1933
1945
1960
1971
1990
2001
2008
2015
2029
2050
2061
2072
2089
2103
2114
2124
2148
2165
2184
2206
2218
2240
2252
2269
2291
2306
2321
2345
2357
2373
2388
2403
2415
2429
2444
2459
2474
2488
2500
2522
2533
2544
2568
2590
2612
2636
2648
2670
2689
2700
2719
2741
2751
2763
2777
2799
2814
2826
2833
2848
2863
2887
2899
2911
2926
2943
2958
2972
2994
3011
3023
3039
3063
3082
3101
3125
3132
3143
3160
3184
3194
3218
3242
3264
3288
3312
3319
3331
3342
3352
3368
3387
3409
3426
3433
3454
3468
3480
3502
3509
3531
