 0.10073E-12  0.42539E-11
 0.80973E-12  0.33312E-10
 0.61641E-11  0.24688E-09
 0.44440E-10  0.17316E-08
 0.30345E-09  0.11494E-07
 0.19625E-08  0.72204E-07
 0.12022E-07  0.42926E-06
 0.69755E-07  0.24152E-05
 0.38342E-06  0.12860E-04
 0.19965E-05  0.64807E-04
 0.98493E-05  0.30907E-03
 0.46035E-04  0.13949E-02
 0.20388E-03  0.59579E-02
 0.85557E-03  0.24082E-01
 0.34025E-02  0.92114E-01
 0.12824E-01  0.33342E+00
 0.45811E-01  0.11420E+01
 0.15513E+00  0.37013E+01
 0.49797E+00  0.11350E+02
 0.15156E+01  0.32932E+02
 0.43740E+01  0.90394E+02
 0.11971E+02  0.23472E+03
 0.31076E+02  0.57650E+03
 0.76529E+02  0.13392E+04
 0.17882E+03  0.29416E+04
 0.39653E+03  0.61091E+04
 0.83472E+03  0.11993E+05
 0.16685E+04  0.22252E+05
 0.31680E+04  0.39007E+05
 0.57164E+04  0.64589E+05
 0.98079E+04  0.10099E+06
 0.16012E+05  0.14909E+06
 0.24895E+05  0.20776E+06
 0.36903E+05  0.27329E+06
 0.52235E+05  0.33947E+06
 0.70734E+05  0.39865E+06
 0.91860E+05  0.44354E+06
 0.11477E+06  0.46953E+06
 0.13849E+06  0.47639E+06
 0.16216E+06  0.46866E+06
 0.18525E+06  0.45438E+06
 0.20764E+06  0.44239E+06
 0.22964E+06  0.43929E+06
 0.25176E+06  0.44709E+06
 0.27448E+06  0.46249E+06
 0.29801E+06  0.47811E+06
 0.32214E+06  0.48489E+06
 0.34622E+06  0.47502E+06
 0.36929E+06  0.44420E+06
 0.39029E+06  0.39281E+06
 0.40831E+06  0.32568E+06
 0.42273E+06  0.25071E+06
 0.43340E+06  0.17697E+06
 0.44059E+06  0.11269E+06
 0.44493E+06  0.63800E+05
 0.44727E+06  0.33111E+05
 0.44853E+06  0.20196E+05
 0.44953E+06  0.21719E+05
 0.45085E+06  0.32022E+05
 0.45276E+06  0.43903E+05
 0.45514E+06  0.49654E+05
 0.45751E+06  0.42394E+05
 0.45909E+06  0.17556E+05
 0.45895E+06 -0.25827E+05
 0.45625E+06 -0.84482E+05
 0.45037E+06 -0.15120E+06
 0.44116E+06 -0.21608E+06
 0.42897E+06 -0.26855E+06
 0.41466E+06 -0.29953E+06
 0.39947E+06 -0.30349E+06
 0.38478E+06 -0.27983E+06
 0.37187E+06 -0.23323E+06
 0.36168E+06 -0.17290E+06
 0.35461E+06 -0.11075E+06
 0.35044E+06 -0.58789E+05
 0.34840E+06 -0.26536E+05
 0.34737E+06 -0.19097E+05
 0.34608E+06 -0.36404E+05
 0.34339E+06 -0.73783E+05
 0.33849E+06 -0.12357E+06
 0.33097E+06 -0.17715E+06
 0.32084E+06 -0.22689E+06
 0.30844E+06 -0.26739E+06
 0.29430E+06 -0.29589E+06
 0.27906E+06 -0.31200E+06
 0.26329E+06 -0.31679E+06
 0.24754E+06 -0.31185E+06
 0.23225E+06 -0.29858E+06
 0.21780E+06 -0.27790E+06
 0.20457E+06 -0.25059E+06
 0.19284E+06 -0.21774E+06
 0.18285E+06 -0.18127E+06
 0.17473E+06 -0.14392E+06
 0.16842E+06 -0.10888E+06
 0.16375E+06 -0.78978E+05
 0.16041E+06 -0.56000E+05
 0.15803E+06 -0.40310E+05
 0.15627E+06 -0.31020E+05
 0.15485E+06 -0.26536E+05
 0.15357E+06 -0.25181E+05
 0.15230E+06 -0.25612E+05
 0.15099E+06 -0.26911E+05
 0.14961E+06 -0.28450E+05
 0.14815E+06 -0.29749E+05
 0.14664E+06 -0.30471E+05
 0.14511E+06 -0.30582E+05
 0.14359E+06 -0.30486E+05
 0.14205E+06 -0.30978E+05
 0.14046E+06 -0.32930E+05
 0.13873E+06 -0.36818E+05
 0.13675E+06 -0.42338E+05
 0.13449E+06 -0.48326E+05
 0.13194E+06 -0.53061E+05
 0.12923E+06 -0.54817E+05
 0.12653E+06 -0.52437E+05
 0.12406E+06 -0.45653E+05
 0.12203E+06 -0.35088E+05
 0.12059E+06 -0.21966E+05
 0.11985E+06 -0.77064E+04
 0.11982E+06  0.64039E+04
 0.12047E+06  0.19376E+05
 0.12173E+06  0.30510E+05
 0.12348E+06  0.39289E+05
 0.12561E+06  0.45295E+05
 0.12796E+06  0.48205E+05
 0.13038E+06  0.47893E+05
 0.13270E+06  0.44575E+05
 0.13480E+06  0.38905E+05
 0.13657E+06  0.31934E+05
 0.13799E+06  0.24915E+05
 0.13908E+06  0.19005E+05
 0.13992E+06  0.14985E+05
 0.14061E+06  0.13101E+05
 0.14126E+06  0.13088E+05
 0.14194E+06  0.14333E+05
 0.14270E+06  0.16081E+05
 0.14355E+06  0.17588E+05
 0.14445E+06  0.18173E+05
 0.14534E+06  0.17212E+05
 0.14613E+06  0.14162E+05
 0.14671E+06  0.86703E+04
 0.14696E+06  0.76076E+03
 0.14676E+06 -0.90110E+04
 0.14605E+06 -0.19549E+05
 0.14482E+06 -0.29429E+05
 0.14314E+06 -0.37289E+05
 0.14113E+06 -0.42242E+05
 0.13896E+06 -0.44139E+05
 0.13676E+06 -0.43552E+05
 0.13463E+06 -0.41490E+05
 0.13262E+06 -0.38983E+05
 0.13073E+06 -0.36716E+05
 0.12894E+06 -0.34883E+05
 0.12724E+06 -0.33286E+05
 0.12561E+06 -0.31617E+05
 0.12408E+06 -0.29749E+05
 0.12264E+06 -0.27892E+05
 0.12128E+06 -0.26534E+05
 0.11997E+06 -0.26202E+05
 0.11864E+06 -0.27157E+05
 0.11724E+06 -0.29183E+05
 0.11572E+06 -0.31557E+05
 0.11409E+06 -0.33244E+05
 0.11242E+06 -0.33238E+05
 0.11081E+06 -0.30925E+05
 0.10937E+06 -0.26332E+05
 0.10820E+06 -0.20173E+05
 0.10735E+06 -0.13671E+05
 0.10681E+06 -0.81960E+04
 0.10650E+06 -0.48486E+04
 0.10629E+06 -0.40980E+04
 0.10605E+06 -0.56079E+04
 0.10571E+06 -0.83083E+04
 0.10523E+06 -0.10711E+05
 0.10466E+06 -0.11381E+05
 0.10413E+06 -0.94158E+04
 0.10377E+06 -0.47649E+04
 0.10369E+06  0.17297E+04
 0.10395E+06  0.86028E+04
 0.10453E+06  0.14259E+05
 0.10533E+06  0.17516E+05
 0.10623E+06  0.18001E+05
 0.10709E+06  0.16254E+05
 0.10784E+06  0.13498E+05
 0.10845E+06  0.11169E+05
 0.10898E+06  0.10388E+05
 0.10952E+06  0.11589E+05
 0.11017E+06  0.14423E+05
 0.11098E+06  0.17972E+05
 0.11196E+06  0.21154E+05
 0.11307E+06  0.23122E+05
 0.11425E+06  0.23502E+05
 0.11540E+06  0.22399E+05
 0.11647E+06  0.20199E+05
 0.11741E+06  0.17315E+05
 0.11819E+06  0.13996E+05
 0.11880E+06  0.10291E+05
 0.11921E+06  0.61314E+04
 0.11941E+06  0.14900E+04
 0.11936E+06 -0.34978E+04
 0.11906E+06 -0.85009E+04
 0.11851E+06 -0.13061E+05
 0.11776E+06 -0.16727E+05
 0.11686E+06 -0.19199E+05
 0.11586E+06 -0.20425E+05
 0.11484E+06 -0.20605E+05
 0.11382E+06 -0.20125E+05
 0.11283E+06 -0.19432E+05
 0.11187E+06 -0.18891E+05
 0.11093E+06 -0.18682E+05
 0.11000E+06 -0.18744E+05
 0.10906E+06 -0.18790E+05
 0.10813E+06 -0.18381E+05
 0.10723E+06 -0.17061E+05
 0.10644E+06 -0.14525E+05
 0.10580E+06 -0.10789E+05
 0.10537E+06 -0.62848E+04
 0.10517E+06 -0.18363E+04
 0.10517E+06  0.15208E+04
 0.10529E+06  0.28378E+04
 0.10541E+06  0.15688E+04
 0.10541E+06 -0.22216E+04
 0.10516E+06 -0.78496E+04
 0.10461E+06 -0.14219E+05
 0.10374E+06 -0.20163E+05
 0.10261E+06 -0.24792E+05
 0.10129E+06 -0.27722E+05
 0.99868E+05 -0.29104E+05
 0.98401E+05 -0.29461E+05
 0.96929E+05 -0.29396E+05
 0.95462E+05 -0.29277E+05
 0.94003E+05 -0.29019E+05
 0.92572E+05 -0.28054E+05
 0.91224E+05 -0.25526E+05
 0.90058E+05 -0.20669E+05
 0.89200E+05 -0.13257E+05
 0.88765E+05 -0.39204E+04
 0.88815E+05  0.58121E+04
 0.89318E+05  0.13836E+05
 0.90135E+05  0.18084E+05
 0.91040E+05  0.17217E+05
 0.91769E+05  0.11135E+05
 0.92087E+05  0.10974E+04
 0.91851E+05 -0.10603E+05
 0.91044E+05 -0.21299E+05
 0.89777E+05 -0.28692E+05
 0.88253E+05 -0.31418E+05
 0.86717E+05 -0.29271E+05
 0.85394E+05 -0.23065E+05
 0.84454E+05 -0.14240E+05
 0.83987E+05 -0.43929E+04
 0.84009E+05  0.51067E+04
 0.84476E+05  0.13327E+05
 0.85312E+05  0.19801E+05
 0.86425E+05  0.24422E+05
 0.87725E+05  0.27281E+05
 0.89126E+05  0.28505E+05
 0.90549E+05  0.28163E+05
 0.91916E+05  0.26243E+05
 0.93147E+05  0.22709E+05
 0.94161E+05  0.17599E+05
 0.94884E+05  0.11115E+05
 0.95256E+05  0.36711E+04
 0.95245E+05 -0.41228E+04
 0.94850E+05 -0.11531E+05
 0.94111E+05 -0.17780E+05
 0.93103E+05 -0.22153E+05
 0.91937E+05 -0.24070E+05
 0.90743E+05 -0.23178E+05
 0.89667E+05 -0.19437E+05
 0.88841E+05 -0.13208E+05
 0.88374E+05 -0.52938E+04
 0.88320E+05  0.31004E+04
 0.88668E+05  0.10514E+05
 0.89331E+05  0.15485E+05
 0.90156E+05  0.16868E+05
 0.90948E+05  0.14119E+05
 0.91503E+05  0.74650E+04
 0.91646E+05 -0.21137E+04
 0.91267E+05 -0.13109E+05
 0.90339E+05 -0.23850E+05
 0.88911E+05 -0.32900E+05
 0.87093E+05 -0.39346E+05
 0.85025E+05 -0.42901E+05
 0.82847E+05 -0.43809E+05
 0.80679E+05 -0.42614E+05
 0.78611E+05 -0.39906E+05
 0.76706E+05 -0.36151E+05
 0.75008E+05 -0.31636E+05
 0.73552E+05 -0.26530E+05
 0.72363E+05 -0.20986E+05
 0.71457E+05 -0.15228E+05
 0.70838E+05 -0.95644E+04
 0.70493E+05 -0.43296E+04
 0.70394E+05  0.21504E+03
 0.70502E+05  0.39644E+04
 0.70778E+05  0.69823E+04
 0.71190E+05  0.94197E+04
 0.71712E+05  0.11366E+05
 0.72317E+05  0.12710E+05
 0.72967E+05  0.13089E+05
 0.73601E+05  0.11997E+05
 0.74135E+05  0.90166E+04
 0.74470E+05  0.40962E+04
 0.74520E+05 -0.22823E+04
 0.74234E+05 -0.91324E+04
 0.73620E+05 -0.15209E+05
 0.72745E+05 -0.19380E+05
 0.71725E+05 -0.20967E+05
 0.70692E+05 -0.19930E+05
 0.69767E+05 -0.16829E+05
 0.69028E+05 -0.12611E+05
 0.68506E+05 -0.83368E+04
 0.68180E+05 -0.49398E+04
 0.67987E+05 -0.30745E+04
 0.67841E+05 -0.30544E+04
 0.67651E+05 -0.48420E+04
 0.67333E+05 -0.80681E+04
 0.66831E+05 -0.12090E+05
 0.66124E+05 -0.16109E+05
 0.65233E+05 -0.19350E+05
 0.64211E+05 -0.21276E+05
 0.63130E+05 -0.21744E+05
 0.62056E+05 -0.21050E+05
 0.61034E+05 -0.19805E+05
 0.60074E+05 -0.18687E+05
 0.59155E+05 -0.18166E+05
 0.58246E+05 -0.18301E+05
 0.57320E+05 -0.18722E+05
 0.56380E+05 -0.18785E+05
 0.55459E+05 -0.17842E+05
 0.54619E+05 -0.15510E+05
 0.53931E+05 -0.11817E+05
 0.53453E+05 -0.71722E+04
 0.53219E+05 -0.21933E+04
 0.53229E+05  0.25299E+04
 0.53461E+05  0.66101E+04
 0.53877E+05  0.99106E+04
 0.54440E+05  0.12460E+05
 0.55112E+05  0.14302E+05
 0.55857E+05  0.15367E+05
 0.56632E+05  0.15452E+05
 0.57382E+05  0.14311E+05
 0.58040E+05  0.11822E+05
 0.58544E+05  0.81416E+04
 0.58843E+05  0.37666E+04
 0.58921E+05 -0.54625E+03
 0.58803E+05 -0.39773E+04
 0.58549E+05 -0.58968E+04
 0.58243E+05 -0.60750E+04
 0.57967E+05 -0.47670E+04
 0.57780E+05 -0.26348E+04
 0.57703E+05 -0.52857E+03
 0.57714E+05  0.79323E+03
 0.57762E+05  0.90462E+03
 0.57784E+05 -0.17206E+03
 0.57732E+05 -0.20091E+04
 0.57582E+05 -0.39495E+04
 0.57346E+05 -0.53427E+04
 0.57064E+05 -0.57553E+04
 0.56788E+05 -0.50878E+04
 0.56569E+05 -0.35748E+04
 0.56437E+05 -0.16842E+04
 0.56398E+05  0.37999E+02
 0.56430E+05  0.11246E+04
 0.56495E+05  0.13011E+04
 0.56545E+05  0.53219E+03
 0.56535E+05 -0.10072E+04
 0.56436E+05 -0.30208E+04
 0.56230E+05 -0.52121E+04
 0.55915E+05 -0.73929E+04
 0.55492E+05 -0.95382E+04
 0.54960E+05 -0.11760E+05
 0.54312E+05 -0.14205E+05
 0.53535E+05 -0.16918E+05
 0.52618E+05 -0.19732E+05
 0.51566E+05 -0.22254E+05
 0.50407E+05 -0.23956E+05
 0.49193E+05 -0.24369E+05
 0.47995E+05 -0.23276E+05
 0.46888E+05 -0.20836E+05
 0.45926E+05 -0.17557E+05
 0.45134E+05 -0.14119E+05
 0.44506E+05 -0.11121E+05
 0.44010E+05 -0.88722E+04
 0.43607E+05 -0.73063E+04
 0.43273E+05 -0.60842E+04
 0.43000E+05 -0.48128E+04
 0.42797E+05 -0.32777E+04
 0.42675E+05 -0.15754E+04
 0.42636E+05 -0.81076E+02
 0.42656E+05  0.72743E+03
 0.42691E+05  0.50443E+03
 0.42688E+05 -0.77889E+03
 0.42601E+05 -0.27808E+04
 0.42408E+05 -0.48883E+04
 0.42122E+05 -0.64264E+04
 0.41784E+05 -0.68942E+04
 0.41453E+05 -0.61367E+04
 0.41187E+05 -0.43898E+04
 0.41022E+05 -0.21886E+04
 0.40964E+05 -0.17737E+03
 0.40992E+05  0.11033E+04
 0.41058E+05  0.13747E+04
 0.41113E+05  0.67235E+03
 0.41114E+05 -0.71485E+03
 0.41037E+05 -0.23797E+04
 0.40877E+05 -0.39450E+04
 0.40648E+05 -0.51652E+04
 0.40368E+05 -0.59518E+04
 0.40060E+05 -0.63258E+04
 0.39742E+05 -0.63349E+04
 0.39432E+05 -0.59794E+04
 0.39151E+05 -0.51891E+04
 0.38922E+05 -0.38631E+04
 0.38774E+05 -0.19610E+04
 0.38734E+05  0.39773E+03
 0.38816E+05  0.28765E+04
 0.39015E+05  0.49471E+04
 0.39294E+05  0.60089E+04
 0.39590E+05  0.55686E+04
 0.39822E+05  0.34173E+04
 0.39906E+05 -0.26643E+03
 0.39779E+05 -0.49310E+04
 0.39410E+05 -0.97811E+04
 0.38812E+05 -0.13969E+05
 0.38036E+05 -0.16781E+05
 0.37165E+05 -0.17754E+05
 0.36294E+05 -0.16719E+05
 0.35525E+05 -0.13783E+05
 0.34942E+05 -0.92921E+04
 0.34612E+05 -0.37991E+04
 0.34567E+05  0.19815E+04
 0.34802E+05  0.72472E+04
 0.35270E+05  0.11231E+05
 0.35894E+05  0.13353E+05
 0.36570E+05  0.13359E+05
 0.37196E+05  0.11375E+05
 0.37682E+05  0.78641E+04
 0.37968E+05  0.34938E+04
 0.38029E+05 -0.10258E+04
 0.37873E+05 -0.50790E+04
 0.37537E+05 -0.82185E+04
 0.37071E+05 -0.10183E+05
 0.36539E+05 -0.10889E+05
 0.36002E+05 -0.10422E+05
 0.35513E+05 -0.90332E+04
 0.35107E+05 -0.71312E+04
 0.34799E+05 -0.52289E+04
 0.34576E+05 -0.38502E+04
 0.34399E+05 -0.34071E+04
 0.34216E+05 -0.40894E+04
 0.33972E+05 -0.58103E+04
 0.33623E+05 -0.82330E+04
 0.33145E+05 -0.10872E+05
 0.32541E+05 -0.13231E+05
 0.31833E+05 -0.14930E+05
 0.31062E+05 -0.15772E+05
 0.30271E+05 -0.15735E+05
 0.29502E+05 -0.14908E+05
 0.28791E+05 -0.13410E+05
 0.28170E+05 -0.11331E+05
 0.27667E+05 -0.87304E+04
 0.27305E+05 -0.56757E+04
 0.27105E+05 -0.23061E+04
 0.27076E+05  0.11277E+04
 0.27212E+05  0.42655E+04
 0.27490E+05  0.66844E+04
 0.27862E+05  0.79749E+04
 0.28263E+05  0.78213E+04
 0.28617E+05  0.60667E+04
 0.28844E+05  0.27527E+04
 0.28871E+05 -0.18671E+04
 0.28643E+05 -0.73420E+04
 0.28132E+05 -0.13065E+05
 0.27344E+05 -0.18345E+05
 0.26317E+05 -0.22508E+05
 0.25121E+05 -0.25011E+05
 0.23848E+05 -0.25562E+05
 0.22597E+05 -0.24195E+05
 0.21455E+05 -0.21288E+05
 0.20483E+05 -0.17491E+05
 0.19707E+05 -0.13580E+05
 0.19115E+05 -0.10267E+05
 0.18663E+05 -0.80226E+04
 0.18292E+05 -0.69798E+04
 0.17948E+05 -0.69359E+04
 0.17589E+05 -0.74606E+04
 0.17201E+05 -0.80588E+04
 0.16789E+05 -0.83269E+04
 0.16377E+05 -0.80515E+04
 0.15993E+05 -0.72259E+04
 0.15661E+05 -0.59977E+04
 0.15396E+05 -0.45833E+04
 0.15203E+05 -0.31904E+04
 0.15074E+05 -0.19746E+04
 0.15001E+05 -0.10313E+04
 0.14966E+05 -0.41085E+03
 0.14954E+05 -0.13190E+03
 0.14947E+05 -0.18395E+03
 0.14931E+05 -0.51879E+03
 0.14892E+05 -0.10463E+04
 0.14825E+05 -0.16486E+04
 0.14728E+05 -0.22150E+04
 0.14605E+05 -0.26857E+04
 0.14461E+05 -0.30780E+04
 0.14297E+05 -0.34771E+04
 0.14111E+05 -0.39863E+04
 0.13896E+05 -0.46563E+04
 0.13644E+05 -0.54282E+04
 0.13354E+05 -0.61213E+04
 0.13037E+05 -0.64815E+04
 0.12715E+05 -0.62750E+04
 0.12421E+05 -0.53909E+04
 0.12186E+05 -0.39097E+04
 0.12036E+05 -0.21012E+04
 0.11975E+05 -0.34896E+03
 0.11993E+05  0.97380E+03
 0.12062E+05  0.16297E+04
 0.12145E+05  0.15923E+04
 0.12212E+05  0.10417E+04
 0.12245E+05  0.28245E+03
 0.12242E+05 -0.38048E+03
 0.12212E+05 -0.75557E+03
 0.12172E+05 -0.82597E+03
 0.12132E+05 -0.73835E+03
 0.12096E+05 -0.73159E+03
 0.12054E+05 -0.10379E+04
 0.11985E+05 -0.17944E+04
 0.11867E+05 -0.29932E+04
 0.11681E+05 -0.44831E+04
 0.11418E+05 -0.60157E+04
 0.11083E+05 -0.73205E+04
 0.10693E+05 -0.81821E+04
 0.10274E+05 -0.84947E+04
 0.98528E+04 -0.82783E+04
 0.94532E+04 -0.76520E+04
 0.90917E+04 -0.67808E+04
 0.87766E+04 -0.58187E+04
 0.85095E+04 -0.48718E+04
 0.82882E+04 -0.39928E+04
 0.81088E+04 -0.32008E+04
 0.79665E+04 -0.25095E+04
 0.78557E+04 -0.19455E+04
 0.77692E+04 -0.15474E+04
 0.76976E+04 -0.13507E+04
 0.76305E+04 -0.13701E+04
 0.75572E+04 -0.15931E+04
 0.74683E+04 -0.19876E+04
 0.73562E+04 -0.25178E+04
 0.72147E+04 -0.31565E+04
 0.70390E+04 -0.38854E+04
 0.68250E+04 -0.46822E+04
 0.65703E+04 -0.55049E+04
 0.62753E+04 -0.62836E+04
 0.59442E+04 -0.69260E+04
 0.55865E+04 -0.73363E+04
 0.52158E+04 -0.74366E+04
 0.48488E+04 -0.71833E+04
 0.45035E+04 -0.65725E+04
 0.41970E+04 -0.56357E+04
 0.39443E+04 -0.44323E+04
 0.37569E+04 -0.30411E+04
 0.36418E+04 -0.15556E+04
 0.36012E+04 -0.79458E+02
 0.36319E+04  0.12774E+04
 0.37251E+04  0.24052E+04
 0.38669E+04  0.32016E+04
 0.40383E+04  0.35817E+04
 0.42171E+04  0.34894E+04
 0.43791E+04  0.29095E+04
 0.45005E+04  0.18789E+04
 0.45610E+04  0.49261E+03
 0.45463E+04 -0.10999E+04
 0.44507E+04 -0.27105E+04
 0.42783E+04 -0.41394E+04
 0.40428E+04 -0.52091E+04
 0.37655E+04 -0.57952E+04
 0.34722E+04 -0.58479E+04
 0.31892E+04 -0.53972E+04
 0.29393E+04 -0.45429E+04
 0.27392E+04 -0.34324E+04
 0.25975E+04 -0.22331E+04
 0.25146E+04 -0.11051E+04
 0.24836E+04 -0.17996E+03
 0.24917E+04  0.45314E+03
 0.25233E+04  0.75150E+03
 0.25614E+04  0.71668E+03
 0.25900E+04  0.38684E+03
 0.25961E+04 -0.17315E+03
 0.25702E+04 -0.88183E+03
 0.25070E+04 -0.16505E+04
 0.24056E+04 -0.23919E+04
 0.22695E+04 -0.30291E+04
 0.21054E+04 -0.35036E+04
 0.19225E+04 -0.37822E+04
 0.17306E+04 -0.38599E+04
 0.15395E+04 -0.37557E+04
 0.13575E+04 -0.35055E+04
 0.11907E+04 -0.31502E+04
 0.10435E+04 -0.27264E+04
 0.91873E+03 -0.22630E+04
 0.81760E+03 -0.17805E+04
 0.74071E+03 -0.12961E+04
 0.68772E+03 -0.82774E+03
 0.65735E+03 -0.39517E+03
 0.64725E+03 -0.19475E+02
 0.65412E+03  0.27994E+03
 0.67373E+03  0.48810E+03
 0.70126E+03  0.59635E+03
 0.73167E+03  0.60346E+03
 0.76004E+03  0.51612E+03
 0.78196E+03  0.34911E+03
 0.79398E+03  0.12453E+03
 0.79391E+03 -0.13012E+03
 0.78096E+03 -0.38530E+03
 0.75583E+03 -0.61363E+03
 0.72041E+03 -0.79352E+03
 0.67751E+03 -0.91174E+03
 0.63034E+03 -0.96399E+03
 0.58215E+03 -0.95371E+03
 0.53587E+03 -0.88954E+03
 0.49391E+03 -0.78208E+03
 0.45822E+03 -0.64104E+03
 0.43025E+03 -0.47371E+03
 0.41120E+03 -0.28508E+03
 0.40203E+03 -0.79454E+02
 0.40344E+03  0.13725E+03
 0.41579E+03  0.35590E+03
 0.43886E+03  0.56387E+03
 0.47175E+03  0.74611E+03
 0.51278E+03  0.88695E+03
 0.55950E+03  0.97162E+03
 0.60879E+03  0.98746E+03
 0.65695E+03  0.92526E+03
 0.69995E+03  0.78143E+03
 0.73380E+03  0.56123E+03
 0.75508E+03  0.28175E+03
 0.76150E+03 -0.26963E+02
 0.75256E+03 -0.32446E+03
 0.72997E+03 -0.56632E+03
 0.69753E+03 -0.71275E+03
 0.66076E+03 -0.73662E+03
 0.62609E+03 -0.62822E+03
 0.60001E+03 -0.39591E+03
 0.58817E+03 -0.63186E+02
 0.59478E+03  0.33550E+03
 0.62213E+03  0.75830E+03
 0.67024E+03  0.11582E+04
 0.73672E+03  0.14847E+04
 0.81664E+03  0.16872E+04
 0.90263E+03  0.17211E+04
 0.98544E+03  0.15573E+04
 0.10550E+04  0.11919E+04
 0.11017E+04  0.65440E+03
 0.11186E+04  0.87248E+01
 0.11023E+04 -0.65435E+03
 0.10546E+04 -0.12321E+04
 0.98214E+03 -0.16289E+04
 0.89591E+03 -0.17744E+04
 0.80946E+03 -0.16359E+04
 0.73691E+03 -0.12229E+04
 0.69093E+03 -0.58497E+03
 0.68081E+03  0.19569E+03
 0.71115E+03  0.10147E+04
 0.78102E+03  0.17580E+04
 0.88387E+03  0.23172E+04
 0.10082E+04  0.26076E+04
 0.11394E+04  0.25852E+04
 0.12617E+04  0.22590E+04
 0.13612E+04  0.16916E+04
 0.14285E+04  0.98774E+03
 0.14598E+04  0.27070E+03
 0.14573E+04 -0.34530E+03
 0.14283E+04 -0.77901E+03
 0.13831E+04 -0.99505E+03
 0.13323E+04 -0.10034E+04
 0.12855E+04 -0.84800E+03
 0.12492E+04 -0.58962E+03
 0.12272E+04 -0.29049E+03
 0.12200E+04 -0.39336E+01
 0.12259E+04  0.22976E+03
 0.12416E+04  0.38356E+03
 0.12627E+04  0.44343E+03
 0.12844E+04  0.40952E+03
 0.13023E+04  0.29801E+03
 0.13134E+04  0.14100E+03
 0.13164E+04 -0.18484E+02
 0.13122E+04 -0.13707E+03
 0.13039E+04 -0.18433E+03
 0.12951E+04 -0.15411E+03
 0.12894E+04 -0.68826E+02
 0.12884E+04  0.25863E+02
 0.12912E+04  0.74528E+02
 0.12943E+04  0.30253E+02
 0.12923E+04 -0.12894E+03
 0.12797E+04 -0.39048E+03
 0.12523E+04 -0.70664E+03
 0.12093E+04 -0.10055E+04
 0.11534E+04 -0.12094E+04
 0.10910E+04 -0.12563E+04
 0.10308E+04 -0.11182E+04
 0.98200E+03 -0.81088E+03
 0.95167E+03 -0.38931E+03
 0.94365E+03  0.66696E+02
 0.95755E+03  0.47560E+03
 0.98938E+03  0.77655E+03
 0.10329E+04  0.94256E+03
 0.10815E+04  0.98237E+03
 0.11296E+04  0.92984E+03
 0.11737E+04  0.82788E+03
 0.12122E+04  0.71322E+03
 0.12452E+04  0.60790E+03
 0.12733E+04  0.51862E+03
 0.12972E+04  0.44156E+03
 0.13175E+04  0.36886E+03
 0.13341E+04  0.29356E+03
 0.13467E+04  0.21210E+03
 0.13552E+04  0.12513E+03
 0.13593E+04  0.37701E+02
 0.13591E+04 -0.41107E+02
 0.13555E+04 -0.99611E+02
 0.13497E+04 -0.12665E+03
 0.13434E+04 -0.11604E+03
 0.13387E+04 -0.70584E+02
 0.13368E+04 -0.35960E+01
 0.13383E+04  0.63702E+02
 0.13427E+04  0.10862E+03
 0.13485E+04  0.11562E+03
 0.13537E+04  0.83813E+02
 0.13565E+04  0.30377E+02
 0.13569E+04 -0.11922E+02
 0.13562E+04 -0.30170E+01
 0.13580E+04  0.92881E+02
 0.13673E+04  0.29603E+03
 0.13894E+04  0.60444E+03
 0.14291E+04  0.99452E+03
 0.14896E+04  0.14290E+04
 0.15721E+04  0.18705E+04
 0.16763E+04  0.22935E+04
 0.18011E+04  0.26920E+04
 0.19453E+04  0.30770E+04
 0.21088E+04  0.34644E+04
 0.22919E+04  0.38576E+04
 0.24943E+04  0.42337E+04
 0.27140E+04  0.45379E+04
 0.29456E+04  0.46925E+04
 0.31794E+04  0.46181E+04
 0.34027E+04  0.42624E+04
 0.36009E+04  0.36234E+04
 0.37612E+04  0.27598E+04
 0.38750E+04  0.17810E+04
 0.39396E+04  0.81721E+03
 0.39589E+04 -0.17291E+02
 0.39411E+04 -0.65613E+03
 0.38966E+04 -0.10919E+04
 0.38347E+04 -0.13621E+04
 0.37624E+04 -0.15165E+04
 0.36846E+04 -0.15830E+04
 0.36057E+04 -0.15489E+04
 0.35320E+04 -0.13693E+04
 0.34720E+04 -0.99756E+03
 0.34357E+04 -0.42307E+03
 0.34324E+04  0.30640E+03
 0.34673E+04  0.10876E+04
 0.35399E+04  0.17939E+04
 0.36436E+04  0.23196E+04
 0.37680E+04  0.26196E+04
 0.39023E+04  0.27223E+04
 0.40384E+04  0.27142E+04
 0.41735E+04  0.26993E+04
 0.43095E+04  0.27532E+04
 0.44503E+04  0.28914E+04
 0.45993E+04  0.30638E+04
 0.47557E+04  0.31775E+04
 0.49144E+04  0.31388E+04
 0.50661E+04  0.28946E+04
 0.52007E+04  0.24580E+04
 0.53100E+04  0.19088E+04
 0.53917E+04  0.13694E+04
 0.54493E+04  0.96640E+03
 0.54922E+04  0.79444E+03
 0.55333E+04  0.89218E+03
 0.55856E+04  0.12364E+04
 0.56597E+04  0.17509E+04
 0.57617E+04  0.23237E+04
 0.58909E+04  0.28258E+04
 0.60409E+04  0.31319E+04
 0.61991E+04  0.31420E+04
 0.63493E+04  0.28055E+04
 0.64743E+04  0.21445E+04
 0.65600E+04  0.12646E+04
 0.66001E+04  0.34683E+03
 0.65978E+04 -0.38559E+03
 0.65682E+04 -0.71736E+03
 0.65354E+04 -0.49603E+03
 0.65286E+04  0.32537E+03
 0.65768E+04  0.16706E+04
 0.67014E+04  0.33518E+04
 0.69131E+04  0.51055E+04
 0.72084E+04  0.66465E+04
 0.75700E+04  0.77230E+04
 0.79701E+04  0.81676E+04
 0.83753E+04  0.79305E+04
 0.87530E+04  0.70902E+04
 0.90774E+04  0.58370E+04
 0.93342E+04  0.44311E+04
 0.95225E+04  0.31404E+04
 0.96537E+04  0.21718E+04
 0.97466E+04  0.16124E+04
 0.98207E+04  0.13988E+04
 0.98889E+04  0.13292E+04
 0.99513E+04  0.11195E+04
 0.99939E+04  0.49339E+03
 0.99907E+04 -0.72061E+03
 0.99119E+04 -0.25177E+04
 0.97325E+04 -0.46974E+04
 0.94416E+04 -0.69066E+04
 0.90482E+04 -0.87328E+04
 0.85809E+04 -0.98175E+04
 0.80824E+04 -0.99552E+04
 0.76012E+04 -0.91481E+04
 0.71799E+04 -0.76040E+04
 0.68471E+04 -0.56817E+04
 0.66110E+04 -0.38012E+04
 0.64599E+04 -0.23422E+04
 0.63656E+04 -0.15573E+04
 0.62916E+04 -0.15206E+04
 0.62027E+04 -0.21241E+04
 0.60725E+04 -0.31225E+04
 0.58890E+04 -0.42124E+04
 0.56545E+04 -0.51200E+04
 0.53830E+04 -0.56693E+04
 0.50943E+04 -0.58104E+04
 0.48077E+04 -0.56036E+04
 0.45377E+04 -0.51697E+04
 0.42925E+04 -0.46335E+04
 0.40747E+04 -0.40805E+04
 0.38842E+04 -0.35421E+04
 0.37205E+04 -0.30062E+04
 0.35840E+04 -0.24438E+04
 0.34768E+04 -0.18356E+04
 0.34011E+04 -0.11908E+04
 0.33577E+04 -0.55466E+03
 0.33442E+04 -0.35492E+01
 0.33543E+04  0.36645E+03
 0.33762E+04  0.46025E+03
 0.33945E+04  0.20937E+03
 0.33911E+04 -0.40162E+03
 0.33492E+04 -0.13173E+04
 0.32564E+04 -0.24114E+04
 0.31080E+04 -0.35093E+04
 0.29085E+04 -0.44276E+04
 0.26707E+04 -0.50185E+04
 0.24134E+04 -0.52027E+04
 0.21573E+04 -0.49822E+04
 0.19209E+04 -0.44281E+04
 0.17182E+04 -0.36526E+04
 0.15572E+04 -0.27776E+04
 0.14402E+04 -0.19087E+04
 0.13649E+04 -0.11214E+04
 0.13260E+04 -0.45917E+03
 0.13167E+04  0.60683E+02
 0.13297E+04  0.43793E+03
 0.13582E+04  0.68179E+03
 0.13959E+04  0.80685E+03
 0.14373E+04  0.83282E+03
 0.14780E+04  0.78701E+03
 0.15154E+04  0.70620E+03
 0.15487E+04  0.63492E+03
 0.15798E+04  0.61748E+03
 0.16120E+04  0.68430E+03
 0.16497E+04  0.83669E+03
 0.16964E+04  0.10377E+04
 0.17530E+04  0.12149E+04
 0.18160E+04  0.12786E+04
 0.18777E+04  0.11514E+04
 0.19274E+04  0.79752E+03
 0.19540E+04  0.24032E+03
 0.19493E+04 -0.44098E+03
